,mean1AccX,mean1AccY,mean1AccZ,mean1Acc-old,mean1Acc-turns,min1AccX,min1AccY,min1AccZ,min1Acc-old,min1Acc-turns,max1AccX,max1AccY,max1AccZ,max1Acc-old,max1Acc-turns
0,-0.27040042742332876,-0.1646683436009588,-0.5627048535306302,0.7162362637362648,0.04038207316849153,-1.0150820897337878,-0.8454326495270483,-1.9650105562609328,0.35100000000000003,0.00010036789526741974,0.33791824710821283,0.6043704523996756,0.2902979681240259,2.441,0.6974236194025807
0,0.021503940545481583,-0.24290166120232978,-0.45380648798116796,0.7051343283582056,0.04768888667350251,-1.2933272216174618,-1.0872395766311314,-1.7060259203857917,0.139,9.247806214932385e-05,0.4007035290422855,1.4965084674535882,0.3389246329571005,2.633,0.9376646390080544
0,-0.06968092981305293,-0.6954575429224924,-0.9921346118427102,1.4227190721649556,0.12880042987156848,-1.4825327471323728,-1.2960254889596794,-1.7345060264654197,0.258,4.85277953482036e-05,0.63239353170369,1.3926277537285991,0.5002441199922752,2.562,1.096532596808844
0,-0.09280066373161865,-0.2656133709265145,-0.514140007889041,0.7343596059113282,0.04859028040866216,-2.8759663961826143,-1.146564054789689,-2.1604758137612308,0.34700000000000003,0.0002650962377921848,0.6714875560421526,1.2301495764965666,0.8852950494714786,3.987,1.5289464734313871
0,-0.11293564012482678,-0.5527620642372488,-0.6167877446036828,0.9790397805212645,0.05424465920620629,-1.358018759150866,-0.8198742816358741,-1.8300074752788336,0.156,0.00010562713426406899,0.7514835929956656,0.7873690449358677,0.4399702541931861,2.555,0.7750445507873861
0,-0.49380984064635,0.23540612643583117,-0.21904734690369088,1.441760145366445,0.27106686286101345,-4.287861907827966,-3.028175503911859,-1.537015033832525,0.084,1.5541684618057922e-05,1.2931476377609266,2.4447025050287285,1.562279787391046,6.4620000000000015,6.231470149279891
0,-0.4202628469150724,0.731348735077666,-0.04766351523098519,1.2747256960292148,0.1510012410811156,-1.9687305937987551,-1.4462054645594835,-1.8627413335105765,0.032,6.722455129105923e-07,0.6389287797469099,2.6626906954330187,1.1834069358540225,4.716,3.3158161407359383
0,-0.35251659755990444,0.7871219696403092,-0.17559547233405612,1.4799320079522882,0.19939494082900067,-2.482022570137036,-0.6365933672576485,-1.5877832635705595,0.129,2.298229428997249e-06,0.9510310860469332,2.823284143161313,1.3510835766948734,6.711,2.1377899919514736
0,-0.3382041211098947,0.7626438284644246,-0.13499860360302784,1.4011079389910053,0.1748829089359371,-2.028540404326052,-1.1311521966007392,-1.735196811914722,0.048,8.509074621855722e-06,0.5922297094643805,2.7329233491573564,1.206370146707085,5.489,2.7631858128317512
0,0.11058148829270528,1.209697042590468,-0.2444546629468182,1.9920731707317016,0.4552372113384568,-2.5482414669203397,-0.9081929070113408,-2.1232991904059246,0.165,1.7418427984366531e-06,2.392839809846975,4.298364772358344,1.763259241363321,9.156,8.253190487169284
0,-0.1590533390269653,-0.2810049805965424,-0.966103033013429,1.410954084098599,0.25722396144521564,-1.4721402068584568,-1.5065495414689651,-3.9949183091683182,0.142,2.0874511168733295e-05,1.2283918727331928,0.9807317057170262,1.1121126773079768,5.93,3.9635197218636136
0,-0.04974895385074621,-0.39096975259317623,-0.8964141220448522,1.2632121669180465,0.17853319308779492,-1.5723770037128393,-1.49940218537168,-2.620136570515105,0.08199999999999999,1.2631904699947307e-05,1.2950992685832081,0.6268248958503431,0.4830923479108568,4.257,2.1444555454104446
0,-0.017518625553901393,-0.26023026052228376,-0.9682686654917589,1.359249156626506,0.15530551592622935,-1.0587985206990076,-1.3246341232710546,-2.7795258284364874,0.135,2.0439642947143265e-05,1.3817186623296476,0.8172851787534243,0.5803804151941996,5.078,2.957403563575943
0,-0.021191836101222238,-0.33417069885043144,-0.9321712348940964,1.3552842904603755,0.1725099362685259,-1.4753301492159518,-1.375275224100411,-2.622791032991736,0.106,3.3981723916195303e-06,1.7952985965937351,0.7422214142882414,0.7880896700243518,4.426,2.3047043843039727
0,-0.015238250035845786,-0.3507063129607732,-0.9385215180346376,1.2692776294714376,0.10697991153579768,-0.9897280519615632,-1.3408429971127107,-2.576825972440305,0.07,4.687590043188177e-05,1.240737519717625,0.6389404446182381,0.7631304297700553,4.372,1.5946845894877524
0,-0.054323057936247615,-0.37405090999820506,-0.94100033345849,1.3163553092182005,0.16931916454587792,-1.1891726126045536,-1.5131510767983938,-2.7285892052469887,0.146,3.092699125923238e-05,1.1812518905807594,0.6201511539908497,0.6402110658463522,4.195,1.9063019574695312
0,0.05942904246314902,-0.3011543719442941,-0.9723862894807569,1.2283030560271666,0.11688841194580515,-0.8937944567544724,-1.4582215058565209,-2.6188634714454606,0.112,4.076534014725832e-07,1.2552426547008826,0.7123086890566126,0.5077770888175929,4.063,1.2327194825072665
0,-0.10042899436068527,-0.3141497121228395,-0.9284520708203725,1.2496640378548878,0.17111056120845644,-1.5653960063444006,-1.470543852108124,-2.5573540924861358,0.123,6.071718966788917e-08,1.606684099110234,0.8951256123810855,0.549524584669852,4.256,3.250644091946391
0,-0.025413990374926476,-0.3937737007608958,-0.9368925828371798,1.2221822565091618,0.10478923416528123,-0.9639082669295728,-1.2642786747189128,-2.480241587087866,0.138,4.038560999962824e-05,1.541842625266186,0.5524056541484123,0.759071269272993,2.898,0.970892866444098
0,-0.10139933973740413,-0.189452853925626,-1.0097288705754335,1.4331882863340564,0.17926912034234152,-1.949610870805653,-1.081613854869902,-3.6166883298125136,0.09,7.157370326598002e-06,1.3800373653887472,0.8056150528087469,0.8208489143045029,5.4110000000000005,3.54132179728348
0,-0.0909299548581785,-0.28270079837494905,-0.988285911111261,1.3902586206896568,0.1629961651603247,-1.7106206928693017,-1.0456945535389894,-3.2581884917566377,0.07,2.2721846740919898e-05,1.364440232248305,0.7010793414338646,1.2771780586285424,4.381,2.868696894207792
0,-0.10455504560715398,-0.20846612911289333,-0.9630339549031496,1.2728700854700847,0.14481283976614484,-1.2372099144956197,-1.400095966947439,-3.2918831635709935,0.141,2.4728212365904584e-06,1.007637992022974,0.8996396346811125,1.1376693015942376,4.564,2.4584829965351203
0,-0.038342841513655544,-0.3438985475629772,-0.9530336288048953,1.2232099780701755,0.14247604009727682,-1.3592610862725771,-1.5294654904888223,-2.7034885642066993,0.125,4.59361914727305e-06,1.0820815869313662,0.49059622747296705,0.6003916344103833,3.937,2.4568959197418976
0,-0.06567831160697904,-0.18484979266423804,-1.0210513967076307,1.3667819332566153,0.14412554770789762,-1.2536931758617107,-1.1209005032829504,-3.446039983792525,0.208,9.602692087339164e-07,1.2157936668435152,0.8986045769559508,0.907642843363799,5.153,2.8338888210321023
0,-0.24385534828283478,-0.22763394625728167,-0.9749631971276775,1.515089725036177,0.29726343745687767,-2.8557497644746177,-1.13608910735261,-3.4324107727622013,0.348,2.440446853898293e-05,1.1346120027517148,1.1226652855340096,1.3529866480793888,5.5710000000000015,8.296149275706885
0,-0.11328300705383536,-0.29401145856434546,-0.9888133785884311,1.3337218106995876,0.1993401039544788,-1.8390449053261004,-1.0537086670703943,-3.523188213730096,0.14800000000000002,6.8957987631738204e-06,1.3534160436678415,1.152212875719758,1.2369431607615466,5.797999999999999,5.412826146777361
0,-0.1981528794669769,-0.22188835273995183,-0.9886921142203764,1.4559199052132688,0.2771057273104164,-1.834902649583153,-1.4204565425497426,-3.9886147869796655,0.194,9.892598582722506e-05,1.1425365406260684,1.1735892722414287,1.6718440239500647,5.151,4.944294456485109
0,0.011161523851346803,-0.27467221876914505,-0.9501567002958854,1.1195700636942658,0.06019526505457582,-1.02335458747975,-0.9203994240101095,-3.5047601651012523,0.103,7.763990280872724e-07,0.7973133468793109,0.3745875909661329,1.3043872745237222,4.23,1.0828041759326203
0,0.00603625305745713,-0.2431441099231626,-0.958019509875197,1.0567824184566423,0.06256905745738361,-1.0303499390199211,-1.0918346233963054,-2.4631968269661484,0.056,1.7870037169452809e-06,0.8623254040914985,0.3273720468844514,0.6048194423228349,3.497,1.1496454042735036
0,-0.0031295467313174077,-0.21200811192566874,-0.9585789182194496,1.080482132041186,0.05959988685478032,-1.0194434314011456,-0.8670400311938646,-3.1037577760136585,0.069,4.2532813343828045e-06,0.9904631629032844,0.5317152580481522,0.5565148244453446,4.509,0.9728651488522088
