,mean1AccX,mean1AccY,mean1AccZ,mean1Acc-old,mean1Acc-turns,min1AccX,min1AccY,min1AccZ,min1Acc-old,min1Acc-turns,max1AccX,max1AccY,max1AccZ,max1Acc-old,max1Acc-turns
0,0.020516455942527115,-0.3327949616421085,-0.9349760409385062,1.0002189655172442,0.014012875328229419,-0.12783761761888304,-0.4941070335333977,-1.2017676989690822,0.8290000000000001,2.3951914645370816e-07,0.21868118770692732,-0.0703692381046972,-0.7900423531230878,1.307,0.061169918378910886
0,-0.008327279215753762,-0.23338742401833007,-0.9662952637493728,0.9983876451077957,0.009912727129565509,-0.12036153354266607,-0.3710543458051469,-1.054567434347316,0.93,6.179249216910074e-06,0.18307139637718395,-0.05469680517683671,-0.8900943223889446,1.083,0.04823279301348506
0,0.021417669015378008,-0.22311396638673073,-0.9699368430151164,0.9990325318246099,0.010977953502317919,-0.14052183435368026,-0.39265651124919804,-1.1384642557707445,0.7979999999999999,3.015521307415009e-06,0.3004090391951652,-0.06612565767841125,-0.7936773698957679,1.181,0.09940223331816826
0,0.04622696668611752,-0.23711292126466407,-0.9643926111408798,0.9984903685092112,0.017025655775818552,-0.1059694839800419,-0.3416490755151171,-1.0572313025392082,0.87,6.297414309716706e-05,0.2312938601804757,-0.1268239772558084,-0.8483313498500458,1.099,0.059807961180221685
0,0.009830517411661195,-0.22591159541723624,-0.970789912365776,0.9988252180232553,0.007441939203246769,-0.08402185769826137,-0.35297076685859896,-1.0623564992540666,0.892,1.410545587299959e-06,0.15957373118013032,-0.12826978839333075,-0.8721517128590653,1.104,0.026300531354877064
0,0.08873998241009426,-0.28374723536705526,-0.942490845664193,1.0080760127446544,0.03306957039532913,-0.422247378378926,-0.5343441254787308,-1.2447731312557897,0.731,1.5878585202292454e-06,0.4825637973176759,0.22755587476621444,-0.6851274696642943,1.35,0.19040987383382546
0,-0.11018719191463466,0.868417292248479,-0.052419546257139946,1.0092711171662119,0.013191182401634168,-1.1637457963501805,-0.4937999684274965,-1.361640045624927,0.113,1.0573847657138043e-06,0.4846933756671434,1.1986349717213534,0.3636608800394362,5.542000000000002,0.22387402870225456
0,-0.3051036563187108,0.7299053615943188,-0.14709927205718765,1.0021446218740566,0.025277593314942618,-0.9144621486223792,-0.7718094333322081,-1.1905100819182068,0.556,1.5044208417949805e-05,0.15541595733755115,1.5490986988526816,0.38974451099467455,3.2880000000000003,0.4265574696243695
0,-0.6529156711747932,0.6178239949423494,-0.0730784772829155,1.0051207612456738,0.02229020133518435,-0.8722229793522692,-0.5819293176313055,-1.1272120255339757,0.73,2.013360340327801e-05,0.2520822664606356,1.027335581369024,0.2619515160184304,1.927,0.19236712628523644
0,-0.6023876639942418,0.39291012839477857,-0.30553847472371604,1.0059052080462825,0.0632599516366817,-1.0042173737220168,-0.61048754906047,-1.1062768776274805,0.61,0.000576015805458125,0.15426291277229862,0.9451017621692692,0.21034117040702244,1.641,0.2381540756634798
0,0.025185582186748993,-0.24008155505869802,-0.9663151484561817,0.9974288638689884,0.007851089224433871,-0.08063571792102324,-0.3439845650208851,-1.0426906839362493,0.865,8.356559100549248e-06,0.1150408337678936,-0.17073379426224533,-0.8032315309167217,1.089,0.030804616616229942
0,0.059349350150311765,-0.27473606410850426,-0.9568376154594811,0.9975213613323664,0.015601828378517608,-0.014877295219959143,-0.3419336690447016,-1.000179565957236,0.93,0.00033976610669073646,0.10069333092648472,-0.2353282554186529,-0.888266957926338,1.0659999999999998,0.029500049462447393
0,0.02503633549258225,-0.22617478465775298,-0.9694064204861729,0.99713914849429,0.00627306111697065,-0.03515215901417467,-0.36058628393470704,-1.019192622827182,0.915,2.5664687893043687e-06,0.21014552587148794,-0.17236647707274202,-0.8548216680910106,1.074,0.04789078774821348
0,-0.0052011224065334925,-0.3313950330619519,-0.9365782020602897,0.998609559867488,0.011187529229155642,-0.19282008933419864,-0.5771028126529402,-1.0989967476071074,0.841,2.0574369419916688e-05,0.12144491856548698,-0.13537604001663234,-0.6674174220981797,1.237,0.07029574659370003
0,0.012721977153069823,-0.204007651722791,-0.9752082624889598,0.9970540997464064,0.004297670111267487,-0.04523600325814037,-0.31294071716811384,-1.0695141184159347,0.836,2.2971849415185096e-06,0.13367011373291154,-0.1570912875784034,-0.8093364503528946,1.092,0.03385520839028952
0,0.006789834106785269,-0.2542076225719104,-0.9641864984708826,0.9974414270500552,0.003542145483306007,-0.06827239179014973,-0.3263449034805028,-1.0415861911557818,0.8740000000000001,1.7781058658686157e-06,0.06114191283326465,-0.21791088842024067,-0.8846957794526206,1.097,0.01701655215910025
0,-0.0019808714135324656,-0.2025231012812356,-0.9760765457212639,0.9971785571941035,0.0024144186998998995,-0.045834192503884805,-0.29602514033155264,-1.0174754469571992,0.925,1.0521439219770019e-05,0.034133224133980136,-0.17388044786971246,-0.9264776756301408,1.05,0.008819451018278425
0,0.0027626028002240835,-0.22829441698410588,-0.9702012762288689,0.9973143001515926,0.004805025265796422,-0.05271266105965116,-0.297370094984892,-1.014150197399845,0.871,1.3749316612578349e-06,0.11546324133346415,-0.18602596346611447,-0.8107490888396256,1.075,0.027837325385805987
0,0.011416927141722665,-0.18658542911780074,-0.9789762075459126,0.9970222359481185,0.0029195155773878573,-0.041585373218168735,-0.2740552954537302,-1.0325544257337222,0.816,4.873013479376658e-06,0.11894410710803725,-0.14543143692986255,-0.8085606974306763,1.116,0.03127522060867821
0,0.008905218430914519,-0.2253837529777705,-0.9710575719041,0.9972266164469553,0.0029257381855833115,-0.03764732646997624,-0.3062308574796321,-1.0120811689475555,0.906,3.985501838594774e-06,0.1144879658019956,-0.19574920462361026,-0.8929423466337025,1.065,0.03130633359671881
0,0.00522649343875242,-0.2630943676107663,-0.9619460697895537,0.9976926987060954,0.0037146555004104248,-0.05033163190790515,-0.3099243583232861,-1.0291441449768053,0.924,1.3031102172165818e-06,0.08355417490095836,-0.21645668668864265,-0.9003147437878601,1.073,0.023964476634365774
0,0.002760319200644911,-0.22321954829637503,-0.9712762668007534,0.9970661664392942,0.0031009750292769166,-0.0648697068751389,-0.3235401312372671,-1.0177308966926033,0.913,5.456039490857114e-07,0.06595078016959227,-0.1777470370952793,-0.8930696300974622,1.082,0.019928197856773643
0,0.002760319200644911,-0.22321954829637503,-0.9712762668007534,0.9970661664392942,0.0031009750292769166,-0.0648697068751389,-0.3235401312372671,-1.0177308966926033,0.913,5.456039490857114e-07,0.06595078016959227,-0.1777470370952793,-0.8930696300974622,1.082,0.019928197856773643
0,0.019048408439456658,-0.24218702563292244,-0.9670194140664298,0.9975242114615737,0.005086336161439923,-0.05463007740229263,-0.3461459340929855,-1.0159807074717606,0.892,8.585211846313361e-06,0.07006100372076388,-0.21059254643334765,-0.8404565419636606,1.079,0.020020438325196392
0,0.02076301959600994,-0.23111266379225237,-0.9695342397353396,0.9973830897703552,0.005387682219480028,-0.04759358838970789,-0.28308482343647184,-1.0352523581156947,0.831,3.5355325439859335e-06,0.0747598853440986,-0.19773256614203852,-0.7859488300860814,1.155,0.01880126943470808
0,-0.010690818463410747,-0.19747859914103877,-0.9770726728706335,0.9972977843426888,0.002902619676250792,-0.08477684229049738,-0.2983351615623685,-1.0143104546035582,0.853,1.329662943296958e-06,0.06077663409142268,-0.16492703326428018,-0.9030013211363488,1.105,0.017582156688455874
0,-0.05142169251688518,-0.2530306483653969,-0.962815982757809,0.9974930919485462,0.012553870242807744,-0.12245575055543158,-0.3273553856543829,-1.039185558811859,0.852,1.4268063773449374e-05,0.060810774861385385,-0.21233145738757545,-0.8815836402578655,1.135,0.029266275085098086
0,0.03417791722254402,-0.28151776687764385,-0.9557253359854198,0.9974257500949469,0.009462702392380689,-0.040105099352881535,-0.3519380436488281,-0.9892345432178846,0.795,1.642188663572301e-05,0.13433975383727534,-0.2459265942482531,-0.7556663277279221,1.07,0.043126341345435804
0,-0.048715755735636516,-0.24094171669550138,-0.9662121521754428,0.9970866495507008,0.011312369513286449,-0.07586725535752717,-0.2543981002469177,-0.9955768581915054,0.8909999999999999,0.008123152875758072,-0.03420178561747285,-0.22181935216810544,-0.8788692879760378,1.075,0.016346744157455476
0,-0.027333476029365485,-0.2482747790552648,-0.9649831334663109,0.9973765323992994,0.00688290567289445,-0.09618743988249837,-0.3516533747645543,-1.0943509166233178,0.875,4.771120104679532e-05,0.07633731706236183,-0.21252852071960016,-0.8179453387564357,1.375,0.02452883849740396
