,mean1AccX,mean1AccY,mean1AccZ,mean1Acc-old,mean1Acc-turns,min1AccX,min1AccY,min1AccZ,min1Acc-old,min1Acc-turns,max1AccX,max1AccY,max1AccZ,max1Acc-old,max1Acc-turns
0,-0.09949261920876454,-0.4657905494509606,-0.8567267120517271,1.0629172563962934,0.057807590094399924,-1.3343844637449125,-0.7174873570884812,-1.1597092044271922,0.385,2.9559213172255512e-05,0.9383926555093812,1.2761150753476491,0.03842672208240894,2.843,0.7452495033043741
0,0.057197865084852306,-0.6697839883306157,-0.8314925836071144,1.139025759917576,0.07491293272408993,-1.879898133902828,-0.8838586043622126,-1.1686341468514108,0.359,7.671833720816816e-05,0.3525235086587047,0.9849444928910168,0.19217807458009745,2.212,1.402343909518709
0,-0.038519442394025674,-0.4656638831114884,-0.8976705402748415,1.0786995810891797,0.029025054834866348,-1.341853496310075,-0.8311753429658281,-1.1629991560936408,0.262,0.0005684538746254793,0.5415643188582334,1.4224476636561625,-0.14394135813018352,1.664,0.3956739960983848
0,-0.052337534471667606,-0.4160407033005528,-0.8157290053144505,0.976863306085373,0.02016239795555821,-1.297734506134272,-0.6083302710589229,-1.2451635888837365,0.44,6.16523115276402e-05,0.18780611652181708,0.9694825575793716,0.3089117948164993,2.063,0.24672113775435806
0,-0.04012142573246005,-0.4297025733017459,-0.741593070722961,0.9842089416058358,0.027517064398959738,-1.5543150739923972,-0.7994846988378221,-1.4563860469038312,0.335,9.996378514160698e-06,0.36329663297602427,0.9255660747291108,0.3735309502584324,1.971,0.3957296310777505
0,-0.08229710847817902,0.5701119855273757,-0.30216063329316634,1.1531893939393945,0.10678203019449704,-2.1923671347647207,-0.8398938098085438,-1.5406995614073509,0.34700000000000003,2.6986468344781282e-06,1.1425539285671915,2.1179785809045315,2.032826740913833,4.334,1.2216820032486582
0,-0.41246296342332955,0.7087570625005816,-0.3314880529054837,1.0646406384814513,0.09843259849328699,-1.4004459371316411,-0.7029287977734914,-1.3613218057681642,0.412,7.4586276701283634e-06,0.3048825392405997,1.4091599687875205,0.447641755932944,1.896,0.7525618603915412
0,-0.7426354414840936,0.1844696002414507,-0.20703325375331613,1.0468305555555522,0.051220953112883695,-1.8959005074160584,-0.8062973252099512,-1.2904335949531436,0.41,2.425414176378829e-05,0.33227349099633263,1.0020583383160162,0.8946756524603036,2.331,1.1693768141746466
0,0.11995407573682633,-0.22093398591314753,-0.9381524648006287,1.0295883785664532,0.046076256163265536,-0.8387792136813875,-0.8555112695746668,-2.043880407914796,0.239,2.7700552660925198e-08,1.0503009870103024,0.9019608767172164,0.12943225171425618,2.623,0.7940353514450272
0,-0.3613495942053361,0.6503140114188625,-0.28322983788358597,1.0720686106346495,0.08170828442284896,-1.3576620487241533,-0.5534528539760611,-1.3826332824211456,0.051,2.133784689554289e-05,0.3051286164198109,1.4119169053628502,0.7759012024826234,2.873,1.0712213580801806
0,0.006146103218975744,-0.2263090536120973,-0.9693700504921997,1.0073762482168322,0.010989920813181833,-0.19123007288274196,-0.5306270576026314,-1.5892540660876395,0.569,1.8778318586258343e-06,0.2070968657789474,0.028273548672504967,-0.547063584200978,1.744,0.07280721177090664
0,0.015636862247741704,-0.20607727379930382,-0.9723183864396145,1.0074938206678932,0.01181382160050073,-0.26583841670892944,-0.6488667598109786,-1.7067396876105916,0.526,6.633580442748759e-06,0.2463578806679461,0.07059114496988803,-0.5043256249552757,1.917,0.1544868527229418
0,0.0690098401431892,-0.20960217979694556,-0.9701779969616159,1.0065502018842496,0.01669333024077385,-0.15472244562917184,-0.5313204754124189,-1.6355905412079916,0.536,3.849957112647212e-08,0.4364680851072459,0.059790904964532564,-0.5113775047097793,1.841,0.1827407629389016
0,0.006227757090110042,-0.21214618208934632,-0.9717181447432416,1.0042438950859238,0.009221622669231131,-0.1580919490148481,-0.4719128528222234,-1.5337375698118465,0.594,1.2014014754556478e-06,0.25615253191941323,0.07366367199950173,-0.584509364976207,1.997,0.06760935595858049
0,0.06511362333849947,-0.21083556388066313,-0.9689414142854993,1.0050102440494133,0.015351913568665365,-0.19608748969490605,-0.4571501769726221,-1.5743756510382512,0.5329999999999999,1.7894263606795448e-06,0.2834658393303071,0.11620091882528633,-0.4862442352444031,1.775,0.09214682651517148
0,0.02221188253535914,-0.26432960697341384,-0.9592283565709864,1.0048614348614326,0.01381930349263879,-0.18803644839092892,-0.5833297425334223,-1.5782034648853682,0.505,1.1224039445490935e-05,0.2277913256971338,-0.035149142984040184,-0.5136775822053811,1.802,0.11008627129155092
0,0.050657650063181986,-0.19661808629923594,-0.9733399443481751,1.005494258872652,0.01402317326807833,-0.2384498644389249,-0.4720172124583272,-1.547645819198482,0.545,5.465051648070442e-06,0.336236503425428,0.02976418604656085,-0.5326119460119325,1.724,0.1328696138783656
0,0.04437948863244723,-0.24811254016785458,-0.9606410057763962,1.0050854389163881,0.016431960300268195,-0.20240752863497533,-0.6601336473803807,-1.600042216857401,0.5329999999999999,2.6532132786276437e-06,0.26864457587493906,0.1364861590911517,-0.4976083567525665,1.763,0.10684083258928212
0,0.02472113273176756,-0.24398085069804057,-0.9642519482665034,1.0050098675668646,0.012253837350142087,-0.22259164537803508,-0.5225011144259055,-1.652468306703447,0.4970000000000001,3.7813258469092285e-06,0.2293604446607439,0.0017726280942168297,-0.4736286468061318,1.806,0.08421563719470371
0,0.0245373884291282,-0.23442666069293586,-0.9660299587389797,1.0042002304811284,0.010757454581235967,-0.11869975340477175,-0.542256164551209,-1.5920833840369155,0.55,1.0829379931359241e-06,0.2279096846642003,0.0538862198762735,-0.5392331477934497,1.7,0.06476235247074552
0,0.006566312857360616,-0.2521250776381509,-0.9640144601303803,1.0037348515656768,0.010586767467320195,-0.13451416663423113,-0.4962113268911717,-1.553770903390835,0.514,1.8784648378876758e-06,0.17209415375695708,-0.03285338918990869,-0.5012344044849651,1.596,0.0609804257197168
0,0.03711126443719354,-0.24341818366226617,-0.9678301253653918,1.0087021660649826,0.014809703208525168,-0.1728377411181247,-0.5241420285995186,-1.5710716541708811,0.599,3.7496216345748084e-06,0.27777129938533585,0.05078765380887331,-0.5664505435599584,1.736,0.08222296977991975
0,-0.008157975720393893,-0.23165929043436534,-0.9679437130347208,1.0037254082795244,0.01005108160269652,-0.15160847875642272,-0.5148152169145791,-1.4433569539563489,0.5760000000000001,4.804253994503389e-06,0.16557701080201342,0.10053581013326314,-0.5453749922483992,1.581,0.06451490671791922
0,-0.019923964689376246,-0.2698512242074824,-0.9590150796219573,1.0030392845736202,0.011977465276210358,-0.17253476260059372,-0.5001837888078948,-1.3941433926338869,0.62,3.938456423723343e-06,0.15676665780860835,-0.08945401025873,-0.6220179589209504,1.554,0.07836744256915938
0,0.020664403188026554,-0.2508174432830421,-0.9625605555097247,1.0041097108969577,0.012591855963698865,-0.1441265650364149,-0.4643501245167333,-1.4530059913724067,0.498,1.897544175719213e-07,0.24057165442910816,0.003640798724080947,-0.4538598370568944,1.597,0.06545697868723774
0,-0.002121121564356293,-0.25891017009510975,-0.9626584291729128,1.003931400966183,0.010123097897669105,-0.1814808346408328,-0.4409856575105528,-1.4555039628047148,0.594,1.7381431051463848e-06,0.14106310153018048,-0.08036613378686666,-0.5865687513199156,1.635,0.06314015133844579
0,0.016461991537419392,-0.23086430948732603,-0.9699805052384354,1.005001780943902,0.009297773374479458,-0.17416822023150935,-0.44595863027023774,-1.4290351979860876,0.5529999999999999,2.2494555789489855e-06,0.1728195262013042,0.013828655618033718,-0.5753932955111949,1.536,0.06891350766287865
0,0.004282615150202604,-0.2596194158282113,-0.9627180611556118,1.0039283333333322,0.010526040799119264,-0.140514333690163,-0.4529988477309678,-1.4966212147875153,0.547,8.601521165152014e-06,0.1683941487840963,-0.006629371151391698,-0.549278555037408,1.558,0.08691862549906718
0,0.023780022670637065,-0.25723377489769667,-0.9617856811499012,1.0029103448275847,0.013428663494791396,-0.12373998383358988,-0.44448798716945737,-1.3767919468556544,0.59,4.940821610417487e-06,0.20050918829804215,-0.07347063414876169,-0.5931456697007085,1.539,0.07441718967190727
0,0.02766489770498531,-0.26308232333270143,-0.9622040492877802,1.0031312548113949,0.011659289752439362,-0.1434791720780894,-0.425669850016166,-1.3451536899663707,0.5379999999999999,1.0924698066872533e-05,0.2011336633327108,-0.09940066209311936,-0.5473204894977746,1.48,0.06304389293547212
