,mean1AccX,mean1AccY,mean1AccZ,mean1Acc-old,mean1Acc-turns,min1AccX,min1AccY,min1AccZ,min1Acc-old,min1Acc-turns,max1AccX,max1AccY,max1AccZ,max1Acc-old,max1Acc-turns
0,-0.27040042742332876,-0.1646683436009588,-0.5627048535306302,0.7162362637362648,0.04038207316849153,-1.0150820897337878,-0.8454326495270483,-1.9650105562609328,0.35100000000000003,0.00010036789526741974,-1.0150820897337878,-0.8454326495270483,-1.9650105562609328,0.35100000000000003,0.00010036789526741974
0,0.021503940545481583,-0.24290166120232978,-0.45380648798116796,0.7051343283582056,0.04768888667350251,-1.2933272216174618,-1.0872395766311314,-1.7060259203857917,0.139,9.247806214932385e-05,0.4007035290422855,1.4965084674535882,0.3389246329571005,2.633,0.9376646390080544
0,-0.06968092981305293,-0.6954575429224924,-0.9921346118427102,1.4227190721649556,0.12880042987156848,-1.4825327471323728,-1.2960254889596794,-1.7345060264654197,0.258,4.85277953482036e-05,0.63239353170369,1.3926277537285991,0.5002441199922752,2.562,1.096532596808844
0,-0.09280066373161865,-0.2656133709265145,-0.514140007889041,0.7343596059113282,0.04859028040866216,-2.8759663961826143,-1.146564054789689,-2.1604758137612308,0.34700000000000003,0.0002650962377921848,0.6714875560421526,1.2301495764965666,0.8852950494714786,3.987,1.5289464734313871
0,-0.11293564012482678,-0.5527620642372488,-0.6167877446036828,0.9790397805212645,0.05424465920620629,-1.358018759150866,-0.8198742816358741,-1.8300074752788336,0.156,0.00010562713426406899,0.7514835929956656,0.7873690449358677,0.4399702541931861,2.555,0.7750445507873861
0,-0.49380984064635,0.23540612643583117,-0.21904734690369088,1.441760145366445,0.27106686286101345,-4.287861907827966,-3.028175503911859,-1.537015033832525,0.084,1.5541684618057922e-05,1.2931476377609266,2.4447025050287285,1.562279787391046,6.4620000000000015,6.231470149279891
0,-0.4202628469150724,0.731348735077666,-0.04766351523098519,1.2747256960292148,0.1510012410811156,-1.9687305937987551,-1.4462054645594835,-1.8627413335105765,0.032,6.722455129105923e-07,0.6389287797469099,2.6626906954330187,1.1834069358540225,4.716,3.3158161407359383
0,-0.35251659755990444,0.7871219696403092,-0.17559547233405612,1.4799320079522882,0.19939494082900067,-2.482022570137036,-0.6365933672576485,-1.5877832635705595,0.129,2.298229428997249e-06,0.9510310860469332,2.823284143161313,1.3510835766948734,6.711,2.1377899919514736
0,-0.3382041211098947,0.7626438284644246,-0.13499860360302784,1.4011079389910053,0.1748829089359371,-2.028540404326052,-1.1311521966007392,-1.735196811914722,0.048,8.509074621855722e-06,0.5922297094643805,2.7329233491573564,1.206370146707085,5.489,2.7631858128317512
0,0.11058148829270528,1.209697042590468,-0.2444546629468182,1.9920731707317016,0.4552372113384568,-2.5482414669203397,-0.9081929070113408,-2.1232991904059246,0.165,1.7418427984366531e-06,2.392839809846975,4.298364772358344,1.763259241363321,9.156,8.253190487169284
