,mean1AccX,mean1AccY,mean1AccZ,mean1Acc-old,mean1Acc-turns,min1AccX,min1AccY,min1AccZ,min1Acc-old,min1Acc-turns,max1AccX,max1AccY,max1AccZ,max1Acc-old,max1Acc-turns
0,0.020516455942527115,-0.3327949616421085,-0.9349760409385062,1.0002189655172442,0.014012875328229419,-0.12783761761888304,-0.4941070335333977,-1.2017676989690822,0.8290000000000001,2.3951914645370816e-07,-0.12783761761888304,-0.4941070335333977,-1.2017676989690822,0.8290000000000001,2.3951914645370816e-07
0,-0.008327279215753762,-0.23338742401833007,-0.9662952637493728,0.9983876451077957,0.009912727129565509,-0.12036153354266607,-0.3710543458051469,-1.054567434347316,0.93,6.179249216910074e-06,0.18307139637718395,-0.05469680517683671,-0.8900943223889446,1.083,0.04823279301348506
0,0.021417669015378008,-0.22311396638673073,-0.9699368430151164,0.9990325318246099,0.010977953502317919,-0.14052183435368026,-0.39265651124919804,-1.1384642557707445,0.7979999999999999,3.015521307415009e-06,0.3004090391951652,-0.06612565767841125,-0.7936773698957679,1.181,0.09940223331816826
0,0.04622696668611752,-0.23711292126466407,-0.9643926111408798,0.9984903685092112,0.017025655775818552,-0.1059694839800419,-0.3416490755151171,-1.0572313025392082,0.87,6.297414309716706e-05,0.2312938601804757,-0.1268239772558084,-0.8483313498500458,1.099,0.059807961180221685
0,0.009830517411661195,-0.22591159541723624,-0.970789912365776,0.9988252180232553,0.007441939203246769,-0.08402185769826137,-0.35297076685859896,-1.0623564992540666,0.892,1.410545587299959e-06,0.15957373118013032,-0.12826978839333075,-0.8721517128590653,1.104,0.026300531354877064
0,0.08873998241009426,-0.28374723536705526,-0.942490845664193,1.0080760127446544,0.03306957039532913,-0.422247378378926,-0.5343441254787308,-1.2447731312557897,0.731,1.5878585202292454e-06,0.4825637973176759,0.22755587476621444,-0.6851274696642943,1.35,0.19040987383382546
0,-0.11018719191463466,0.868417292248479,-0.052419546257139946,1.0092711171662119,0.013191182401634168,-1.1637457963501805,-0.4937999684274965,-1.361640045624927,0.113,1.0573847657138043e-06,0.4846933756671434,1.1986349717213534,0.3636608800394362,5.542000000000002,0.22387402870225456
0,-0.3051036563187108,0.7299053615943188,-0.14709927205718765,1.0021446218740566,0.025277593314942618,-0.9144621486223792,-0.7718094333322081,-1.1905100819182068,0.556,1.5044208417949805e-05,0.15541595733755115,1.5490986988526816,0.38974451099467455,3.2880000000000003,0.4265574696243695
0,-0.6529156711747932,0.6178239949423494,-0.0730784772829155,1.0051207612456738,0.02229020133518435,-0.8722229793522692,-0.5819293176313055,-1.1272120255339757,0.73,2.013360340327801e-05,0.2520822664606356,1.027335581369024,0.2619515160184304,1.927,0.19236712628523644
0,-0.6023876639942418,0.39291012839477857,-0.30553847472371604,1.0059052080462825,0.0632599516366817,-1.0042173737220168,-0.61048754906047,-1.1062768776274805,0.61,0.000576015805458125,0.15426291277229862,0.9451017621692692,0.21034117040702244,1.641,0.2381540756634798
