,mean1AccX,mean1AccY,mean1AccZ,mean1Acc-old,mean1Acc-turns,min1AccX,min1AccY,min1AccZ,min1Acc-old,min1Acc-turns,max1AccX,max1AccY,max1AccZ,max1Acc-old,max1Acc-turns
0,-0.09949261920876454,-0.4657905494509606,-0.8567267120517271,1.0629172563962934,0.057807590094399924,-1.3343844637449125,-0.7174873570884812,-1.1597092044271922,0.385,2.9559213172255512e-05,-1.3343844637449125,-0.7174873570884812,-1.1597092044271922,0.385,2.9559213172255512e-05
0,0.057197865084852306,-0.6697839883306157,-0.8314925836071144,1.139025759917576,0.07491293272408993,-1.879898133902828,-0.8838586043622126,-1.1686341468514108,0.359,7.671833720816816e-05,0.3525235086587047,0.9849444928910168,0.19217807458009745,2.212,1.402343909518709
0,-0.038519442394025674,-0.4656638831114884,-0.8976705402748415,1.0786995810891797,0.029025054834866348,-1.341853496310075,-0.8311753429658281,-1.1629991560936408,0.262,0.0005684538746254793,0.5415643188582334,1.4224476636561625,-0.14394135813018352,1.664,0.3956739960983848
0,-0.052337534471667606,-0.4160407033005528,-0.8157290053144505,0.976863306085373,0.02016239795555821,-1.297734506134272,-0.6083302710589229,-1.2451635888837365,0.44,6.16523115276402e-05,0.18780611652181708,0.9694825575793716,0.3089117948164993,2.063,0.24672113775435806
0,-0.04012142573246005,-0.4297025733017459,-0.741593070722961,0.9842089416058358,0.027517064398959738,-1.5543150739923972,-0.7994846988378221,-1.4563860469038312,0.335,9.996378514160698e-06,0.36329663297602427,0.9255660747291108,0.3735309502584324,1.971,0.3957296310777505
0,-0.08229710847817902,0.5701119855273757,-0.30216063329316634,1.1531893939393945,0.10678203019449704,-2.1923671347647207,-0.8398938098085438,-1.5406995614073509,0.34700000000000003,2.6986468344781282e-06,1.1425539285671915,2.1179785809045315,2.032826740913833,4.334,1.2216820032486582
0,-0.41246296342332955,0.7087570625005816,-0.3314880529054837,1.0646406384814513,0.09843259849328699,-1.4004459371316411,-0.7029287977734914,-1.3613218057681642,0.412,7.4586276701283634e-06,0.3048825392405997,1.4091599687875205,0.447641755932944,1.896,0.7525618603915412
0,-0.7426354414840936,0.1844696002414507,-0.20703325375331613,1.0468305555555522,0.051220953112883695,-1.8959005074160584,-0.8062973252099512,-1.2904335949531436,0.41,2.425414176378829e-05,0.33227349099633263,1.0020583383160162,0.8946756524603036,2.331,1.1693768141746466
0,0.11995407573682633,-0.22093398591314753,-0.9381524648006287,1.0295883785664532,0.046076256163265536,-0.8387792136813875,-0.8555112695746668,-2.043880407914796,0.239,2.7700552660925198e-08,1.0503009870103024,0.9019608767172164,0.12943225171425618,2.623,0.7940353514450272
0,-0.3613495942053361,0.6503140114188625,-0.28322983788358597,1.0720686106346495,0.08170828442284896,-1.3576620487241533,-0.5534528539760611,-1.3826332824211456,0.051,2.133784689554289e-05,0.3051286164198109,1.4119169053628502,0.7759012024826234,2.873,1.0712213580801806
